0 0.3837890625 0.4599609375 0.166015625 0.162109375
0 0.5810546875 0.5029296875 0.123046875 0.126953125
0 0.484375 0.6806640625 0.16015625 0.154296875
0 0.6123046875 0.587890625 0.154296875 0.15625
1 0.3955078125 0.470703125 0.076171875 0.07421875
1 0.5810546875 0.517578125 0.068359375 0.07421875
1 0.6220703125 0.599609375 0.076171875 0.078125
1 0.490234375 0.6943359375 0.07421875 0.072265625
2 0.359375 0.423828125 0.0546875 0.046875
2 0.5751953125 0.4599609375 0.052734375 0.025390625
2 0.45703125 0.64453125 0.05078125 0.0390625
2 0.5830078125 0.552734375 0.048828125 0.04296875
