0 0.1787109375 0.3291015625 0.287109375 0.298828125
0 0.244140625 0.6728515625 0.26953125 0.267578125
0 0.599609375 0.615234375 0.25 0.25
0 0.8046875 0.349609375 0.265625 0.24609375
1 0.1904296875 0.3642578125 0.142578125 0.158203125
1 0.80078125 0.3837890625 0.15234375 0.154296875
1 0.2470703125 0.69921875 0.146484375 0.1640625
1 0.59765625 0.6494140625 0.1484375 0.162109375
2 0.1669921875 0.2421875 0.103515625 0.0625
2 0.8076171875 0.263671875 0.111328125 0.05078125
2 0.2529296875 0.5712890625 0.107421875 0.044921875
2 0.599609375 0.521484375 0.10546875 0.04296875
