0 0.0849609375 0.5947265625 0.146484375 0.130859375
0 0.517578125 0.46875 0.15234375 0.12890625
0 0.7900390625 0.423828125 0.166015625 0.125
0 0.744140625 0.5927734375 0.16015625 0.115234375
1 0.0859375 0.6083984375 0.078125 0.068359375
1 0.515625 0.4833984375 0.078125 0.072265625
1 0.7880859375 0.4375 0.080078125 0.078125
1 0.7431640625 0.6064453125 0.076171875 0.064453125
2 0.0859375 0.5537109375 0.05859375 0.029296875
2 0.5234375 0.4208984375 0.05859375 0.029296875
2 0.7998046875 0.3779296875 0.064453125 0.029296875
2 0.75390625 0.5517578125 0.05859375 0.025390625
