0 0.26953125 0.787109375 0.2578125 0.2421875
0 0.4013671875 0.1904296875 0.224609375 0.197265625
0 0.513671875 0.5166015625 0.25 0.228515625
0 0.775390625 0.765625 0.27734375 0.25390625
1 0.40234375 0.216796875 0.1328125 0.12890625
1 0.513671875 0.546875 0.13671875 0.13671875
1 0.2685546875 0.8095703125 0.146484375 0.150390625
1 0.77734375 0.7978515625 0.15234375 0.150390625
2 0.3955078125 0.1171875 0.095703125 0.0390625
2 0.5029296875 0.4423828125 0.091796875 0.044921875
2 0.279296875 0.6962890625 0.1015625 0.044921875
2 0.755859375 0.681640625 0.1015625 0.05078125
