0 0.2333984375 0.36328125 0.240234375 0.23828125
0 0.7099609375 0.3125 0.251953125 0.23828125
0 0.35546875 0.732421875 0.2578125 0.24609375
0 0.748046875 0.7021484375 0.2578125 0.244140625
1 0.236328125 0.3955078125 0.140625 0.150390625
1 0.705078125 0.3427734375 0.14453125 0.146484375
1 0.35546875 0.7646484375 0.15234375 0.162109375
1 0.7451171875 0.7333984375 0.154296875 0.158203125
2 0.2353515625 0.28125 0.095703125 0.04296875
2 0.703125 0.228515625 0.1015625 0.03515625
2 0.3583984375 0.642578125 0.107421875 0.04296875
2 0.7431640625 0.615234375 0.103515625 0.03515625
