0 0.216796875 0.3125 0.26953125 0.2734375
0 0.275390625 0.650390625 0.25 0.25
0 0.611328125 0.607421875 0.25 0.25
0 0.8251953125 0.3515625 0.259765625 0.2578125
1 0.2275390625 0.353515625 0.146484375 0.15625
1 0.8271484375 0.38671875 0.162109375 0.16015625
1 0.2734375 0.677734375 0.14453125 0.15625
1 0.6123046875 0.640625 0.150390625 0.15234375
2 0.208984375 0.234375 0.1015625 0.0703125
2 0.83203125 0.2646484375 0.1171875 0.052734375
2 0.28125 0.556640625 0.1015625 0.046875
2 0.6171875 0.517578125 0.109375 0.05078125
