0 0.3193359375 0.38671875 0.251953125 0.2578125
0 0.5771484375 0.38671875 0.220703125 0.2109375
0 0.3017578125 0.6669921875 0.255859375 0.251953125
0 0.642578125 0.6494140625 0.28515625 0.279296875
1 0.3310546875 0.4140625 0.123046875 0.1328125
1 0.580078125 0.4150390625 0.12890625 0.126953125
1 0.30078125 0.689453125 0.125 0.1328125
1 0.6513671875 0.6728515625 0.126953125 0.126953125
2 0.2958984375 0.3134765625 0.087890625 0.060546875
2 0.5732421875 0.3115234375 0.095703125 0.044921875
2 0.326171875 0.58984375 0.09375 0.0546875
2 0.603515625 0.5859375 0.0859375 0.07421875
