0 0.2353515625 0.650390625 0.212890625 0.203125
0 0.513671875 0.2568359375 0.2265625 0.232421875
0 0.578125 0.6728515625 0.19921875 0.189453125
0 0.7880859375 0.65625 0.185546875 0.16796875
1 0.5185546875 0.2841796875 0.119140625 0.119140625
1 0.2333984375 0.669921875 0.111328125 0.10546875
1 0.580078125 0.6923828125 0.109375 0.103515625
1 0.7890625 0.6787109375 0.11328125 0.107421875
2 0.498046875 0.1884765625 0.0859375 0.060546875
2 0.25 0.5859375 0.0859375 0.04296875
2 0.5693359375 0.609375 0.076171875 0.0390625
2 0.787109375 0.591796875 0.0859375 0.03515625
