0 0.2080078125 0.5537109375 0.169921875 0.185546875
0 0.587890625 0.56640625 0.1640625 0.15625
0 0.2412109375 0.7587890625 0.169921875 0.158203125
0 0.458984375 0.732421875 0.16015625 0.15234375
1 0.2158203125 0.5732421875 0.087890625 0.095703125
1 0.591796875 0.5888671875 0.09375 0.099609375
1 0.244140625 0.78125 0.08984375 0.09765625
1 0.462890625 0.75 0.09765625 0.09765625
2 0.2060546875 0.5009765625 0.064453125 0.041015625
2 0.595703125 0.5126953125 0.0625 0.037109375
2 0.2490234375 0.703125 0.064453125 0.03125
2 0.46484375 0.671875 0.06640625 0.03125
