0 0.408203125 0.5556640625 0.3359375 0.333984375
0 0.765625 0.2353515625 0.3828125 0.365234375
0 0.1552734375 0.8671875 0.298828125 0.2734375
0 0.6279296875 0.9033203125 0.353515625 0.201171875
1 0.7548828125 0.275390625 0.208984375 0.21484375
1 0.41015625 0.603515625 0.20703125 0.2109375
1 0.1396484375 0.916015625 0.208984375 0.1640625
1 0.640625 0.95703125 0.20703125 0.08984375
2 0.76953125 0.1103515625 0.14453125 0.072265625
2 0.4111328125 0.44140625 0.142578125 0.06640625
2 0.623046875 0.8466796875 0.1484375 0.068359375
2 0.1376953125 0.7724609375 0.154296875 0.076171875
