0 0.3037109375 0.267578125 0.138671875 0.0859375
0 0.318359375 0.5283203125 0.16015625 0.103515625
0 0.748046875 0.47265625 0.15625 0.1171875
0 0.5712890625 0.65234375 0.146484375 0.12109375
1 0.3056640625 0.28125 0.083984375 0.0546875
1 0.3212890625 0.5400390625 0.091796875 0.068359375
1 0.7451171875 0.4873046875 0.083984375 0.072265625
1 0.572265625 0.669921875 0.0859375 0.078125
2 0.3076171875 0.2392578125 0.060546875 0.021484375
2 0.3095703125 0.4873046875 0.076171875 0.029296875
2 0.73828125 0.43359375 0.07421875 0.03125
2 0.5712890625 0.6083984375 0.068359375 0.033203125
