0 0.3212890625 0.28515625 0.345703125 0.33203125
0 0.7607421875 0.2724609375 0.349609375 0.326171875
0 0.328125 0.62890625 0.328125 0.3125
0 0.771484375 0.6259765625 0.34375 0.310546875
1 0.328125 0.3232421875 0.1953125 0.197265625
1 0.7587890625 0.3154296875 0.197265625 0.193359375
1 0.330078125 0.66796875 0.1953125 0.19921875
1 0.7685546875 0.66796875 0.205078125 0.1953125
2 0.31640625 0.1669921875 0.1484375 0.064453125
2 0.75 0.16015625 0.14453125 0.0703125
2 0.328125 0.513671875 0.13671875 0.05859375
2 0.76171875 0.5146484375 0.140625 0.056640625
