0 0.15234375 0.5869140625 0.1796875 0.158203125
0 0.453125 0.603515625 0.1796875 0.171875
0 0.6328125 0.5576171875 0.1875 0.173828125
0 0.8935546875 0.5556640625 0.212890625 0.197265625
1 0.1513671875 0.60546875 0.103515625 0.1015625
1 0.451171875 0.623046875 0.1015625 0.10546875
1 0.634765625 0.576171875 0.10546875 0.09765625
1 0.912109375 0.5732421875 0.109375 0.103515625
2 0.16015625 0.52734375 0.078125 0.03515625
2 0.4423828125 0.54296875 0.064453125 0.03515625
2 0.6259765625 0.4970703125 0.083984375 0.033203125
2 0.8740234375 0.49609375 0.072265625 0.0390625
