0 0.1611328125 0.283203125 0.275390625 0.26171875
0 0.724609375 0.236328125 0.29296875 0.26171875
0 0.2919921875 0.724609375 0.314453125 0.28515625
0 0.7578125 0.703125 0.3046875 0.2890625
1 0.15625 0.318359375 0.17578125 0.171875
1 0.720703125 0.2734375 0.1796875 0.171875
1 0.2919921875 0.763671875 0.185546875 0.18359375
1 0.7548828125 0.7373046875 0.181640625 0.181640625
2 0.1630859375 0.1806640625 0.119140625 0.056640625
2 0.71875 0.1396484375 0.1171875 0.048828125
2 0.2978515625 0.6220703125 0.123046875 0.048828125
2 0.7529296875 0.5947265625 0.126953125 0.048828125
