0 0.2080078125 0.3720703125 0.302734375 0.267578125
0 0.505859375 0.3720703125 0.29296875 0.271484375
0 0.8115234375 0.365234375 0.294921875 0.26953125
0 0.5087890625 0.6416015625 0.275390625 0.244140625
1 0.2138671875 0.4111328125 0.177734375 0.177734375
1 0.5078125 0.4091796875 0.16796875 0.169921875
1 0.8037109375 0.4033203125 0.177734375 0.173828125
1 0.51171875 0.6748046875 0.1640625 0.162109375
2 0.2041015625 0.271484375 0.130859375 0.0546875
2 0.505859375 0.271484375 0.125 0.05859375
2 0.8095703125 0.265625 0.126953125 0.0546875
2 0.5087890625 0.5478515625 0.115234375 0.052734375
