0 0.13671875 0.34765625 0.2109375 0.19140625
0 0.46875 0.2783203125 0.171875 0.166015625
0 0.654296875 0.7373046875 0.18359375 0.177734375
0 0.876953125 0.6328125 0.19140625 0.171875
1 0.142578125 0.3681640625 0.12109375 0.103515625
1 0.4716796875 0.3017578125 0.103515625 0.103515625
1 0.65625 0.7548828125 0.11328125 0.111328125
1 0.8779296875 0.65234375 0.119140625 0.109375
2 0.4755859375 0.2197265625 0.080078125 0.033203125
2 0.130859375 0.287109375 0.078125 0.04296875
2 0.6572265625 0.66796875 0.076171875 0.03515625
2 0.873046875 0.56640625 0.0859375 0.0390625
