0 0.39453125 0.275390625 0.29296875 0.2890625
0 0.369140625 0.7802734375 0.28515625 0.298828125
0 0.736328125 0.51953125 0.31640625 0.27734375
0 0.71875 0.7236328125 0.3125 0.291015625
1 0.40234375 0.30859375 0.15234375 0.15625
1 0.3662109375 0.8134765625 0.154296875 0.173828125
1 0.7177734375 0.55078125 0.150390625 0.1484375
1 0.7216796875 0.7509765625 0.154296875 0.158203125
2 0.376953125 0.1904296875 0.109375 0.072265625
2 0.3564453125 0.6845703125 0.111328125 0.064453125
2 0.7548828125 0.4375 0.115234375 0.0703125
2 0.69140625 0.6318359375 0.109375 0.056640625
