0 0.14453125 0.4443359375 0.1640625 0.130859375
0 0.3583984375 0.6953125 0.169921875 0.16796875
0 0.6025390625 0.71875 0.185546875 0.1796875
0 0.830078125 0.3994140625 0.12890625 0.169921875
1 0.1435546875 0.45703125 0.095703125 0.07421875
1 0.361328125 0.7138671875 0.09765625 0.095703125
1 0.8310546875 0.4189453125 0.076171875 0.080078125
1 0.599609375 0.7353515625 0.09765625 0.095703125
2 0.138671875 0.4013671875 0.0703125 0.029296875
2 0.353515625 0.6396484375 0.0703125 0.037109375
2 0.6171875 0.662109375 0.06640625 0.04296875
2 0.83203125 0.359375 0.0546875 0.04296875
