0 0.2001953125 0.4892578125 0.123046875 0.111328125
0 0.6533203125 0.48828125 0.123046875 0.11328125
0 0.90625 0.705078125 0.1484375 0.13671875
0 0.25390625 0.8232421875 0.1328125 0.134765625
1 0.197265625 0.5048828125 0.07421875 0.068359375
1 0.6552734375 0.501953125 0.068359375 0.0703125
1 0.2568359375 0.83984375 0.076171875 0.0859375
1 0.908203125 0.7177734375 0.0859375 0.076171875
2 0.203125 0.4541015625 0.05078125 0.025390625
2 0.650390625 0.4462890625 0.0546875 0.025390625
2 0.25390625 0.77734375 0.0546875 0.03125
2 0.9150390625 0.66015625 0.052734375 0.03515625
