0 0.2724609375 0.27734375 0.251953125 0.24609375
0 0.6533203125 0.453125 0.279296875 0.2578125
0 0.2578125 0.78515625 0.234375 0.22265625
0 0.751953125 0.755859375 0.23046875 0.21484375
1 0.2724609375 0.248046875 0.138671875 0.140625
1 0.6552734375 0.4892578125 0.166015625 0.158203125
1 0.2578125 0.810546875 0.1328125 0.140625
1 0.751953125 0.78125 0.140625 0.14453125
2 0.2861328125 0.3564453125 0.087890625 0.048828125
2 0.6474609375 0.3662109375 0.115234375 0.052734375
2 0.751953125 0.669921875 0.09765625 0.04296875
2 0.2607421875 0.6982421875 0.099609375 0.041015625
