0 0.71484375 0.298828125 0.2421875 0.1953125
0 0.484375 0.47265625 0.25390625 0.18359375
0 0.267578125 0.6796875 0.26953125 0.23046875
0 0.654296875 0.7529296875 0.28515625 0.240234375
1 0.275390625 0.7099609375 0.16015625 0.154296875
1 0.4873046875 0.4970703125 0.142578125 0.123046875
1 0.7216796875 0.322265625 0.142578125 0.1171875
1 0.6474609375 0.78125 0.162109375 0.15625
2 0.4931640625 0.404296875 0.095703125 0.03515625
2 0.7255859375 0.234375 0.095703125 0.0390625
2 0.2861328125 0.5927734375 0.111328125 0.044921875
2 0.63671875 0.662109375 0.1171875 0.04296875
