0 0.470703125 0.177734375 0.18359375 0.1875
0 0.48046875 0.3837890625 0.203125 0.181640625
0 0.48046875 0.57421875 0.17578125 0.1640625
0 0.484375 0.7646484375 0.171875 0.166015625
1 0.470703125 0.2021484375 0.1171875 0.123046875
1 0.48046875 0.408203125 0.11328125 0.109375
1 0.482421875 0.591796875 0.10546875 0.109375
1 0.486328125 0.740234375 0.10546875 0.1015625
2 0.4716796875 0.1064453125 0.080078125 0.037109375
2 0.4736328125 0.3173828125 0.076171875 0.037109375
2 0.4814453125 0.509765625 0.080078125 0.04296875
2 0.4853515625 0.82421875 0.072265625 0.046875
