0 0.451171875 0.4130859375 0.16015625 0.142578125
0 0.279296875 0.62890625 0.16015625 0.14453125
0 0.5302734375 0.7255859375 0.162109375 0.142578125
0 0.6875 0.720703125 0.1640625 0.15234375
1 0.453125 0.4345703125 0.09375 0.087890625
1 0.28515625 0.650390625 0.09375 0.09375
1 0.5283203125 0.744140625 0.091796875 0.1015625
1 0.6875 0.7451171875 0.09375 0.091796875
2 0.455078125 0.36328125 0.0625 0.02734375
2 0.28515625 0.576171875 0.06640625 0.02734375
2 0.5263671875 0.66796875 0.068359375 0.0234375
2 0.68359375 0.66796875 0.07421875 0.03125
