0 0.275390625 0.166015625 0.16796875 0.109375
0 0.19921875 0.427734375 0.171875 0.13671875
0 0.4248046875 0.6181640625 0.181640625 0.166015625
0 0.65234375 0.4873046875 0.17578125 0.142578125
1 0.2763671875 0.17578125 0.087890625 0.0625
1 0.2060546875 0.4384765625 0.091796875 0.072265625
1 0.4248046875 0.6328125 0.087890625 0.078125
1 0.6484375 0.5048828125 0.08984375 0.080078125
2 0.29296875 0.1357421875 0.06640625 0.033203125
2 0.2119140625 0.3818359375 0.064453125 0.037109375
2 0.4453125 0.576171875 0.06640625 0.04296875
2 0.6611328125 0.4443359375 0.080078125 0.029296875
