0 0.15234375 0.2099609375 0.2421875 0.240234375
0 0.8349609375 0.4287109375 0.240234375 0.236328125
0 0.255859375 0.62890625 0.265625 0.24609375
0 0.875 0.720703125 0.24609375 0.2265625
1 0.1611328125 0.2421875 0.138671875 0.13671875
1 0.25 0.658203125 0.13671875 0.140625
1 0.8330078125 0.4609375 0.146484375 0.14453125
1 0.8720703125 0.75 0.150390625 0.14453125
2 0.1552734375 0.1298828125 0.095703125 0.052734375
2 0.83203125 0.3486328125 0.10546875 0.048828125
2 0.265625 0.546875 0.09765625 0.0546875
2 0.8701171875 0.634765625 0.107421875 0.04296875
