0 0.4228515625 0.48046875 0.083984375 0.08984375
0 0.515625 0.48046875 0.07421875 0.07421875
0 0.4140625 0.576171875 0.0859375 0.0859375
0 0.53515625 0.5751953125 0.09375 0.091796875
1 0.4267578125 0.4892578125 0.048828125 0.044921875
1 0.5166015625 0.4921875 0.044921875 0.046875
1 0.4140625 0.5869140625 0.046875 0.048828125
1 0.537109375 0.5849609375 0.046875 0.048828125
2 0.4140625 0.453125 0.03515625 0.0234375
2 0.515625 0.455078125 0.03515625 0.015625
2 0.421875 0.5498046875 0.03515625 0.021484375
2 0.5205078125 0.5517578125 0.029296875 0.025390625
