0 0.23046875 0.646484375 0.078125 0.07421875
0 0.3505859375 0.71484375 0.091796875 0.08203125
0 0.625 0.5322265625 0.078125 0.068359375
0 0.6357421875 0.7021484375 0.083984375 0.072265625
1 0.2333984375 0.658203125 0.048828125 0.046875
1 0.3505859375 0.7236328125 0.044921875 0.044921875
1 0.625 0.541015625 0.046875 0.0390625
1 0.6396484375 0.7138671875 0.044921875 0.044921875
2 0.236328125 0.623046875 0.02734375 0.015625
2 0.3525390625 0.6904296875 0.037109375 0.017578125
2 0.6259765625 0.5087890625 0.033203125 0.021484375
2 0.6376953125 0.677734375 0.037109375 0.0234375
