0 0.357421875 0.61328125 0.12890625 0.12890625
0 0.533203125 0.376953125 0.12890625 0.12890625
0 0.56640625 0.6259765625 0.12109375 0.119140625
0 0.6923828125 0.615234375 0.115234375 0.1015625
1 0.53515625 0.3896484375 0.0703125 0.068359375
1 0.3564453125 0.6240234375 0.068359375 0.068359375
1 0.5693359375 0.63671875 0.068359375 0.06640625
1 0.693359375 0.626953125 0.06640625 0.0703125
2 0.5244140625 0.3359375 0.048828125 0.03125
2 0.3642578125 0.5703125 0.052734375 0.03125
2 0.5615234375 0.583984375 0.048828125 0.0234375
2 0.689453125 0.5732421875 0.05078125 0.017578125
