0 0.5185546875 0.326171875 0.181640625 0.1484375
0 0.8505859375 0.3564453125 0.173828125 0.138671875
0 0.134765625 0.49609375 0.20703125 0.16015625
0 0.70703125 0.826171875 0.1953125 0.18359375
1 0.1357421875 0.515625 0.107421875 0.09375
1 0.521484375 0.34765625 0.09765625 0.0859375
1 0.853515625 0.373046875 0.1015625 0.08984375
1 0.7060546875 0.8486328125 0.111328125 0.115234375
2 0.5087890625 0.27734375 0.072265625 0.0390625
2 0.84765625 0.3056640625 0.07421875 0.033203125
2 0.1494140625 0.439453125 0.072265625 0.02734375
2 0.7001953125 0.759765625 0.076171875 0.04296875
