0 0.177734375 0.5673828125 0.234375 0.220703125
0 0.4365234375 0.240234375 0.236328125 0.22265625
0 0.5546875 0.7119140625 0.234375 0.228515625
0 0.802734375 0.70703125 0.24609375 0.22265625
1 0.181640625 0.5986328125 0.14453125 0.138671875
1 0.4365234375 0.2734375 0.130859375 0.13671875
1 0.5537109375 0.7431640625 0.138671875 0.142578125
1 0.802734375 0.7431640625 0.15234375 0.146484375
2 0.4423828125 0.16796875 0.099609375 0.046875
2 0.1796875 0.484375 0.1015625 0.04296875
2 0.5517578125 0.62890625 0.095703125 0.04296875
2 0.7958984375 0.6259765625 0.099609375 0.044921875
