0 0.4150390625 0.2431640625 0.240234375 0.232421875
0 0.15234375 0.5771484375 0.24609375 0.228515625
0 0.54296875 0.7216796875 0.2421875 0.236328125
0 0.7919921875 0.7216796875 0.263671875 0.244140625
1 0.4140625 0.271484375 0.13671875 0.140625
1 0.1572265625 0.609375 0.146484375 0.140625
1 0.5400390625 0.75390625 0.150390625 0.1484375
1 0.79296875 0.7490234375 0.1484375 0.150390625
2 0.41796875 0.1640625 0.09765625 0.046875
2 0.1552734375 0.498046875 0.103515625 0.04296875
2 0.5361328125 0.6376953125 0.099609375 0.041015625
2 0.7822265625 0.634765625 0.103515625 0.04296875
