0 0.3916015625 0.2373046875 0.251953125 0.248046875
0 0.607421875 0.376953125 0.2578125 0.234375
0 0.8515625 0.609375 0.2734375 0.26171875
0 0.2265625 0.62890625 0.28125 0.265625
1 0.39453125 0.2734375 0.16015625 0.16015625
1 0.2236328125 0.662109375 0.162109375 0.1640625
1 0.60546875 0.416015625 0.16015625 0.16015625
1 0.8515625 0.64453125 0.171875 0.1640625
2 0.3974609375 0.146484375 0.115234375 0.046875
2 0.607421875 0.2900390625 0.11328125 0.044921875
2 0.8505859375 0.515625 0.115234375 0.0546875
2 0.2353515625 0.5322265625 0.115234375 0.044921875
