0 0.251953125 0.3193359375 0.3046875 0.267578125
0 0.8037109375 0.2734375 0.318359375 0.29296875
0 0.7353515625 0.7421875 0.326171875 0.2890625
0 0.2353515625 0.740234375 0.318359375 0.28125
1 0.251953125 0.3623046875 0.1796875 0.173828125
1 0.798828125 0.30859375 0.18359375 0.17578125
1 0.240234375 0.775390625 0.19140625 0.1875
1 0.7265625 0.7802734375 0.1953125 0.185546875
2 0.2490234375 0.2255859375 0.130859375 0.052734375
2 0.8154296875 0.173828125 0.130859375 0.05859375
2 0.24609375 0.62890625 0.12109375 0.05078125
2 0.7109375 0.6357421875 0.12890625 0.060546875
