0 0.3447265625 0.1962890625 0.306640625 0.291015625
0 0.3671875 0.6845703125 0.2890625 0.294921875
0 0.69140625 0.404296875 0.2890625 0.2421875
0 0.69140625 0.59765625 0.30078125 0.28125
1 0.3564453125 0.2314453125 0.146484375 0.158203125
1 0.681640625 0.4375 0.14453125 0.13671875
1 0.373046875 0.716796875 0.140625 0.16015625
1 0.6982421875 0.6279296875 0.146484375 0.154296875
2 0.31640625 0.11328125 0.11328125 0.0703125
2 0.70703125 0.328125 0.109375 0.0546875
2 0.3466796875 0.591796875 0.103515625 0.0625
2 0.6591796875 0.5146484375 0.103515625 0.064453125
