0 0.228515625 0.3544921875 0.19921875 0.185546875
0 0.734375 0.4091796875 0.1953125 0.177734375
0 0.3193359375 0.638671875 0.197265625 0.17578125
0 0.62109375 0.6826171875 0.1875 0.173828125
1 0.2275390625 0.3779296875 0.111328125 0.111328125
1 0.734375 0.4306640625 0.109375 0.103515625
1 0.322265625 0.6611328125 0.11328125 0.107421875
1 0.6181640625 0.7021484375 0.107421875 0.107421875
2 0.234375 0.29296875 0.07421875 0.0390625
2 0.7392578125 0.3447265625 0.076171875 0.037109375
2 0.32421875 0.5751953125 0.07421875 0.029296875
2 0.623046875 0.6201171875 0.078125 0.037109375
