0 0.2421875 0.310546875 0.3828125 0.37109375
0 0.7431640625 0.3095703125 0.388671875 0.373046875
0 0.236328125 0.708984375 0.3828125 0.36328125
0 0.7421875 0.7255859375 0.38671875 0.357421875
1 0.2451171875 0.3603515625 0.224609375 0.228515625
1 0.740234375 0.3603515625 0.23046875 0.228515625
1 0.2392578125 0.7509765625 0.228515625 0.224609375
1 0.7412109375 0.7666015625 0.232421875 0.228515625
2 0.2470703125 0.181640625 0.166015625 0.078125
2 0.73828125 0.1796875 0.1640625 0.07421875
2 0.240234375 0.57421875 0.16015625 0.0703125
2 0.7353515625 0.5888671875 0.158203125 0.068359375
