0 0.138671875 0.5595703125 0.23828125 0.220703125
0 0.4599609375 0.1396484375 0.216796875 0.193359375
0 0.515625 0.751953125 0.2421875 0.21484375
0 0.7783203125 0.763671875 0.259765625 0.2578125
1 0.4609375 0.1689453125 0.1328125 0.126953125
1 0.13671875 0.5859375 0.1328125 0.1328125
1 0.513671875 0.7822265625 0.140625 0.134765625
1 0.7705078125 0.7900390625 0.142578125 0.138671875
2 0.4619140625 0.0654296875 0.095703125 0.037109375
2 0.150390625 0.4814453125 0.1015625 0.048828125
2 0.5185546875 0.6728515625 0.099609375 0.041015625
2 0.7392578125 0.68359375 0.099609375 0.0625
