0 0.5048828125 0.1982421875 0.177734375 0.169921875
0 0.306640625 0.5126953125 0.19140625 0.166015625
0 0.6455078125 0.55078125 0.126953125 0.11328125
0 0.658203125 0.833984375 0.16796875 0.1328125
1 0.5 0.2197265625 0.109375 0.103515625
1 0.310546875 0.529296875 0.09375 0.09375
1 0.6455078125 0.5615234375 0.076171875 0.064453125
1 0.6533203125 0.8447265625 0.087890625 0.072265625
2 0.5009765625 0.1337890625 0.083984375 0.041015625
2 0.291015625 0.458984375 0.0703125 0.0390625
2 0.6494140625 0.5087890625 0.052734375 0.025390625
2 0.6640625 0.787109375 0.07421875 0.03515625
