0 0.4814453125 0.427734375 0.068359375 0.0703125
0 0.3994140625 0.5615234375 0.080078125 0.072265625
0 0.5751953125 0.6044921875 0.060546875 0.056640625
0 0.5576171875 0.7158203125 0.076171875 0.064453125
1 0.4013671875 0.5654296875 0.041015625 0.041015625
1 0.4794921875 0.4345703125 0.044921875 0.041015625
1 0.5732421875 0.611328125 0.037109375 0.03515625
1 0.556640625 0.71875 0.04296875 0.0390625
2 0.478515625 0.4033203125 0.03125 0.017578125
2 0.3955078125 0.5361328125 0.033203125 0.021484375
2 0.57421875 0.583984375 0.03125 0.01953125
2 0.55859375 0.6875 0.03515625 0.015625
