0 0.177734375 0.47265625 0.24609375 0.22265625
0 0.51171875 0.37890625 0.2265625 0.22265625
0 0.8349609375 0.4833984375 0.236328125 0.212890625
0 0.5830078125 0.642578125 0.240234375 0.21875
1 0.1748046875 0.5068359375 0.138671875 0.138671875
1 0.5205078125 0.4111328125 0.138671875 0.134765625
1 0.8359375 0.51171875 0.13671875 0.13671875
1 0.587890625 0.6728515625 0.13671875 0.138671875
2 0.1845703125 0.400390625 0.091796875 0.046875
2 0.515625 0.3046875 0.09375 0.046875
2 0.8271484375 0.4052734375 0.099609375 0.044921875
2 0.5859375 0.56640625 0.09765625 0.046875
