0 0.1376953125 0.216796875 0.212890625 0.203125
0 0.2314453125 0.591796875 0.240234375 0.21875
0 0.484375 0.744140625 0.265625 0.26171875
0 0.896484375 0.5126953125 0.20703125 0.119140625
1 0.1337890625 0.23828125 0.115234375 0.1015625
1 0.22265625 0.6103515625 0.10546875 0.111328125
1 0.46875 0.7578125 0.11328125 0.12109375
1 0.9033203125 0.529296875 0.111328125 0.08984375
2 0.1611328125 0.17578125 0.068359375 0.0546875
2 0.255859375 0.52734375 0.0859375 0.0546875
2 0.9345703125 0.462890625 0.072265625 0.0234375
2 0.525390625 0.6865234375 0.0703125 0.072265625
