0 0.376953125 0.298828125 0.10546875 0.1015625
0 0.26171875 0.4970703125 0.1171875 0.099609375
0 0.5146484375 0.556640625 0.083984375 0.08203125
0 0.4990234375 0.7109375 0.103515625 0.09375
1 0.37890625 0.3125 0.06640625 0.0625
1 0.2666015625 0.5078125 0.060546875 0.05859375
1 0.51171875 0.5625 0.046875 0.0390625
1 0.4921875 0.71875 0.05859375 0.05859375
2 0.376953125 0.263671875 0.046875 0.02734375
2 0.25390625 0.4619140625 0.0390625 0.025390625
2 0.5146484375 0.5244140625 0.037109375 0.021484375
2 0.4951171875 0.6767578125 0.044921875 0.025390625
