0 0.4931640625 0.455078125 0.240234375 0.2265625
0 0.7412109375 0.2255859375 0.267578125 0.248046875
0 0.650390625 0.748046875 0.26171875 0.25
0 0.3037109375 0.6962890625 0.251953125 0.224609375
1 0.7333984375 0.2548828125 0.146484375 0.146484375
1 0.4892578125 0.4853515625 0.146484375 0.142578125
1 0.302734375 0.724609375 0.14453125 0.1484375
1 0.65234375 0.7763671875 0.14453125 0.150390625
2 0.4921875 0.3740234375 0.09765625 0.044921875
2 0.7431640625 0.1337890625 0.107421875 0.052734375
2 0.30078125 0.60546875 0.09765625 0.0390625
2 0.642578125 0.658203125 0.109375 0.04296875
