0 0.34375 0.2646484375 0.26171875 0.263671875
0 0.236328125 0.7099609375 0.203125 0.208984375
0 0.4765625 0.5966796875 0.20703125 0.193359375
0 0.734375 0.6474609375 0.171875 0.146484375
1 0.333984375 0.29296875 0.12109375 0.125
1 0.240234375 0.7275390625 0.1015625 0.095703125
1 0.4755859375 0.615234375 0.115234375 0.11328125
1 0.7333984375 0.6669921875 0.107421875 0.095703125
2 0.365234375 0.197265625 0.09765625 0.06640625
2 0.2177734375 0.65625 0.076171875 0.0546875
2 0.484375 0.5234375 0.08203125 0.046875
2 0.73046875 0.58984375 0.07421875 0.03125
