0 0.13671875 0.314453125 0.19921875 0.19140625
0 0.78515625 0.25390625 0.1953125 0.19921875
0 0.5673828125 0.423828125 0.193359375 0.1796875
0 0.859375 0.853515625 0.1875 0.1875
1 0.138671875 0.3359375 0.109375 0.10546875
1 0.783203125 0.279296875 0.109375 0.109375
1 0.572265625 0.443359375 0.10546875 0.1015625
1 0.859375 0.8681640625 0.109375 0.103515625
2 0.142578125 0.2529296875 0.07421875 0.033203125
2 0.55859375 0.3662109375 0.0703125 0.037109375
2 0.7744140625 0.1943359375 0.080078125 0.048828125
2 0.86328125 0.7880859375 0.08203125 0.041015625
