0 0.1201171875 0.5634765625 0.111328125 0.103515625
0 0.2919921875 0.658203125 0.130859375 0.11328125
0 0.7080078125 0.392578125 0.115234375 0.10546875
0 0.7275390625 0.6455078125 0.111328125 0.103515625
1 0.123046875 0.576171875 0.0703125 0.06640625
1 0.294921875 0.6728515625 0.06640625 0.064453125
1 0.70703125 0.4052734375 0.0703125 0.064453125
1 0.7265625 0.66015625 0.0703125 0.0625
2 0.123046875 0.5244140625 0.0546875 0.025390625
2 0.30078125 0.62109375 0.05078125 0.0234375
2 0.7080078125 0.3564453125 0.048828125 0.025390625
2 0.7216796875 0.609375 0.048828125 0.0234375
