0 0.302734375 0.69921875 0.15234375 0.140625
0 0.5078125 0.6494140625 0.1328125 0.123046875
0 0.6962890625 0.7109375 0.134765625 0.13671875
0 0.544921875 0.806640625 0.13671875 0.140625
1 0.3056640625 0.716796875 0.080078125 0.08203125
1 0.5068359375 0.6650390625 0.080078125 0.083984375
1 0.6982421875 0.7314453125 0.080078125 0.083984375
1 0.544921875 0.8271484375 0.08203125 0.087890625
2 0.3134765625 0.654296875 0.056640625 0.0234375
2 0.5068359375 0.6025390625 0.056640625 0.025390625
2 0.6953125 0.6669921875 0.05078125 0.025390625
2 0.5498046875 0.7587890625 0.056640625 0.029296875
