0 0.455078125 0.2109375 0.1796875 0.17578125
0 0.26953125 0.5234375 0.17578125 0.16015625
0 0.61328125 0.533203125 0.125 0.10546875
0 0.625 0.818359375 0.1484375 0.1171875
1 0.4560546875 0.234375 0.107421875 0.1015625
1 0.2763671875 0.5380859375 0.091796875 0.083984375
1 0.611328125 0.546875 0.06640625 0.0625
1 0.6220703125 0.833984375 0.087890625 0.0703125
2 0.4521484375 0.1513671875 0.087890625 0.041015625
2 0.2548828125 0.47265625 0.072265625 0.0390625
2 0.6142578125 0.4990234375 0.052734375 0.025390625
2 0.630859375 0.779296875 0.0703125 0.03125
