0 0.2626953125 0.595703125 0.091796875 0.0859375
0 0.412109375 0.6748046875 0.10546875 0.091796875
0 0.7490234375 0.4404296875 0.091796875 0.087890625
0 0.77734375 0.65234375 0.1015625 0.08984375
1 0.2646484375 0.609375 0.056640625 0.0546875
1 0.7470703125 0.451171875 0.052734375 0.05078125
1 0.4150390625 0.68359375 0.060546875 0.0546875
1 0.77734375 0.6630859375 0.05859375 0.056640625
2 0.2626953125 0.5634765625 0.048828125 0.021484375
2 0.412109375 0.640625 0.04296875 0.0234375
2 0.7490234375 0.4091796875 0.052734375 0.017578125
2 0.7724609375 0.62109375 0.048828125 0.02734375
