0 0.11328125 0.3173828125 0.1796875 0.162109375
0 0.419921875 0.3349609375 0.18359375 0.173828125
0 0.60546875 0.2763671875 0.19140625 0.189453125
0 0.8720703125 0.2705078125 0.220703125 0.201171875
1 0.1142578125 0.3427734375 0.099609375 0.099609375
1 0.4208984375 0.3564453125 0.107421875 0.103515625
1 0.603515625 0.3046875 0.10546875 0.09765625
1 0.880859375 0.2900390625 0.10546875 0.099609375
2 0.123046875 0.265625 0.078125 0.03515625
2 0.41015625 0.2763671875 0.0859375 0.037109375
2 0.5927734375 0.224609375 0.076171875 0.0390625
2 0.8466796875 0.212890625 0.076171875 0.046875
