0 0.458984375 0.4072265625 0.12890625 0.119140625
0 0.421875 0.6376953125 0.1171875 0.111328125
0 0.5791015625 0.6318359375 0.123046875 0.119140625
0 0.59765625 0.5400390625 0.15625 0.119140625
1 0.4619140625 0.4189453125 0.068359375 0.072265625
1 0.5947265625 0.5546875 0.072265625 0.0625
1 0.421875 0.65234375 0.07421875 0.07421875
1 0.580078125 0.6474609375 0.07421875 0.072265625
2 0.45703125 0.3623046875 0.05859375 0.025390625
2 0.6171875 0.5078125 0.05078125 0.03125
2 0.4208984375 0.5947265625 0.052734375 0.021484375
2 0.572265625 0.5888671875 0.05078125 0.025390625
