0 0.3046875 0.30078125 0.22265625 0.20703125
0 0.7275390625 0.30078125 0.271484375 0.2421875
0 0.302734375 0.6533203125 0.25 0.251953125
0 0.6044921875 0.787109375 0.314453125 0.3203125
1 0.3056640625 0.328125 0.134765625 0.12890625
1 0.7314453125 0.3251953125 0.130859375 0.126953125
1 0.3076171875 0.6796875 0.130859375 0.1328125
1 0.580078125 0.806640625 0.13671875 0.140625
2 0.2998046875 0.2294921875 0.091796875 0.041015625
2 0.703125 0.2314453125 0.08984375 0.056640625
2 0.2900390625 0.5732421875 0.099609375 0.052734375
2 0.646484375 0.716796875 0.09375 0.08203125
