0 0.2978515625 0.275390625 0.138671875 0.0859375
0 0.3125 0.53125 0.16015625 0.10546875
0 0.7421875 0.4775390625 0.15625 0.119140625
0 0.5625 0.66015625 0.1484375 0.12890625
1 0.3037109375 0.2861328125 0.083984375 0.056640625
1 0.31640625 0.544921875 0.09375 0.06640625
1 0.7412109375 0.4931640625 0.087890625 0.068359375
1 0.560546875 0.6748046875 0.0859375 0.076171875
2 0.30078125 0.244140625 0.0625 0.01953125
2 0.3046875 0.4921875 0.05859375 0.03125
2 0.7333984375 0.4404296875 0.076171875 0.025390625
2 0.5634765625 0.6142578125 0.068359375 0.029296875
