0 0.10546875 0.37109375 0.078125 0.07421875
0 0.8671875 0.4072265625 0.0859375 0.091796875
0 0.330078125 0.583984375 0.07421875 0.0703125
0 0.677734375 0.607421875 0.08203125 0.078125
1 0.1064453125 0.380859375 0.048828125 0.046875
1 0.33203125 0.59375 0.046875 0.046875
1 0.8681640625 0.4130859375 0.052734375 0.048828125
1 0.6806640625 0.615234375 0.048828125 0.046875
2 0.1044921875 0.3427734375 0.037109375 0.017578125
2 0.3310546875 0.560546875 0.041015625 0.015625
2 0.6826171875 0.5830078125 0.037109375 0.025390625
2 0.8642578125 0.3779296875 0.041015625 0.025390625
