0 0.3896484375 0.30859375 0.298828125 0.28125
0 0.7021484375 0.3115234375 0.302734375 0.287109375
0 0.6904296875 0.5888671875 0.287109375 0.248046875
1 0.392578125 0.3505859375 0.17578125 0.177734375
1 0.6953125 0.3505859375 0.17578125 0.177734375
1 0.95703125 0.3515625 0.08984375 0.17578125
1 0.681640625 0.62109375 0.16796875 0.1640625
2 0.3896484375 0.20703125 0.126953125 0.0625
2 0.7001953125 0.2099609375 0.126953125 0.064453125
2 0.9736328125 0.2099609375 0.052734375 0.052734375
2 0.6875 0.4921875 0.12109375 0.046875
