0 0.4189453125 0.5966796875 0.146484375 0.146484375
0 0.5400390625 0.396484375 0.146484375 0.140625
0 0.5654296875 0.6474609375 0.142578125 0.130859375
0 0.61328125 0.5732421875 0.15625 0.138671875
1 0.4140625 0.611328125 0.06640625 0.0703125
1 0.5341796875 0.4091796875 0.068359375 0.068359375
1 0.5615234375 0.66015625 0.072265625 0.0703125
1 0.607421875 0.5830078125 0.078125 0.060546875
2 0.5498046875 0.35546875 0.052734375 0.03515625
2 0.43359375 0.552734375 0.05078125 0.03515625
2 0.646484375 0.5458984375 0.04296875 0.048828125
2 0.5771484375 0.607421875 0.056640625 0.03125
