0 0.1259765625 0.431640625 0.197265625 0.16015625
0 0.376953125 0.724609375 0.1953125 0.1875
0 0.66015625 0.7568359375 0.21484375 0.220703125
0 0.9248046875 0.3837890625 0.150390625 0.201171875
1 0.1298828125 0.447265625 0.123046875 0.08984375
1 0.376953125 0.7451171875 0.11328125 0.111328125
1 0.931640625 0.4072265625 0.09375 0.095703125
1 0.6533203125 0.775390625 0.111328125 0.11328125
2 0.123046875 0.376953125 0.078125 0.0390625
2 0.3681640625 0.658203125 0.076171875 0.04296875
2 0.671875 0.6884765625 0.08203125 0.048828125
2 0.9306640625 0.3310546875 0.064453125 0.056640625
