0 0.248046875 0.7578125 0.30078125 0.28125
0 0.4248046875 0.6220703125 0.298828125 0.275390625
0 0.5732421875 0.474609375 0.294921875 0.27734375
0 0.732421875 0.30859375 0.30078125 0.265625
1 0.251953125 0.7880859375 0.1796875 0.185546875
1 0.4228515625 0.658203125 0.173828125 0.17578125
1 0.5732421875 0.5126953125 0.173828125 0.173828125
1 0.734375 0.3466796875 0.1796875 0.173828125
2 0.2529296875 0.64453125 0.130859375 0.05859375
2 0.423828125 0.5205078125 0.125 0.052734375
2 0.576171875 0.37890625 0.125 0.0546875
2 0.7314453125 0.2099609375 0.126953125 0.052734375
