0 0.22265625 0.1875 0.13671875 0.1328125
0 0.8515625 0.2197265625 0.1328125 0.142578125
0 0.6015625 0.5322265625 0.1171875 0.111328125
0 0.564453125 0.83984375 0.11328125 0.09765625
1 0.22265625 0.20703125 0.08203125 0.08203125
1 0.8544921875 0.234375 0.076171875 0.08203125
1 0.6015625 0.5458984375 0.0625 0.064453125
1 0.56640625 0.8515625 0.0703125 0.05859375
2 0.2177734375 0.1416015625 0.060546875 0.029296875
2 0.8525390625 0.1728515625 0.052734375 0.025390625
2 0.6005859375 0.498046875 0.052734375 0.01953125
2 0.56640625 0.8037109375 0.05078125 0.029296875
