0 0.4140625 0.529296875 0.1484375 0.15625
0 0.6171875 0.6865234375 0.1640625 0.166015625
0 0.609375 0.4697265625 0.140625 0.158203125
0 0.6796875 0.533203125 0.15234375 0.15625
1 0.43359375 0.537109375 0.078125 0.07421875
1 0.6162109375 0.4814453125 0.068359375 0.072265625
1 0.6953125 0.5390625 0.0703125 0.07421875
1 0.625 0.689453125 0.078125 0.07421875
2 0.3779296875 0.5146484375 0.037109375 0.060546875
2 0.5859375 0.439453125 0.04296875 0.046875
2 0.638671875 0.517578125 0.03515625 0.0546875
2 0.572265625 0.662109375 0.0390625 0.0546875
