0 0.2578125 0.52734375 0.203125 0.19140625
0 0.541015625 0.4580078125 0.18359375 0.166015625
0 0.8037109375 0.548828125 0.193359375 0.171875
0 0.58984375 0.677734375 0.203125 0.1875
1 0.259765625 0.548828125 0.11328125 0.109375
1 0.537109375 0.4794921875 0.11328125 0.111328125
1 0.802734375 0.56640625 0.12109375 0.11328125
1 0.591796875 0.701171875 0.11328125 0.1171875
2 0.2734375 0.4619140625 0.08203125 0.037109375
2 0.5400390625 0.390625 0.072265625 0.03515625
2 0.802734375 0.4765625 0.08203125 0.03125
2 0.59375 0.607421875 0.07421875 0.03515625
