0 0.3388671875 0.3681640625 0.294921875 0.275390625
0 0.7138671875 0.37109375 0.291015625 0.27734375
0 0.33203125 0.66796875 0.2890625 0.28125
0 0.7138671875 0.67578125 0.287109375 0.265625
1 0.3447265625 0.4033203125 0.173828125 0.169921875
1 0.7109375 0.4072265625 0.16796875 0.166015625
1 0.3330078125 0.69921875 0.169921875 0.171875
1 0.7060546875 0.7109375 0.158203125 0.16796875
2 0.333984375 0.2705078125 0.125 0.056640625
2 0.708984375 0.275390625 0.12109375 0.05078125
2 0.3359375 0.564453125 0.11328125 0.05078125
2 0.7099609375 0.5771484375 0.119140625 0.056640625
