0 0.2978515625 0.2724609375 0.330078125 0.333984375
0 0.80078125 0.3427734375 0.39453125 0.373046875
0 0.2490234375 0.6630859375 0.337890625 0.306640625
0 0.68359375 0.7587890625 0.36328125 0.357421875
1 0.298828125 0.3115234375 0.19140625 0.193359375
1 0.2509765625 0.6953125 0.201171875 0.19921875
1 0.8095703125 0.3876953125 0.193359375 0.197265625
1 0.677734375 0.8037109375 0.1953125 0.197265625
2 0.2919921875 0.1630859375 0.130859375 0.064453125
2 0.775390625 0.2431640625 0.13671875 0.080078125
2 0.248046875 0.5419921875 0.1328125 0.052734375
2 0.701171875 0.65234375 0.140625 0.07421875
