0 0.537109375 0.19140625 0.24609375 0.18359375
0 0.1533203125 0.8515625 0.291015625 0.3046875
0 0.544921875 0.75 0.30859375 0.265625
1 0.5419921875 0.2197265625 0.146484375 0.123046875
1 0.11328125 0.873046875 0.1484375 0.14453125
1 0.5390625 0.7802734375 0.16796875 0.169921875
1 0.9599609375 0.9501953125 0.080078125 0.099609375
2 0.541015625 0.1240234375 0.1015625 0.044921875
2 0.53125 0.646484375 0.12109375 0.0546875
2 0.1953125 0.7890625 0.08984375 0.0859375
2 0.9609375 0.857421875 0.08984375 0.05859375
